[19004.343584] [  pid  ]   uid  tgid total_vm      rss pgtables_bytes swapents oom_score_adj name
[19004.343588] [    165]     0   165    15375     1064   126976        0          -250 systemd-journal
[19004.343591] [    198]     0   198     2312     1034    53248        0         -1000 systemd-udevd
[19004.343594] [    288]     0   288    70035     4487   106496        0         -1000 multipathd
[19004.343596] [    327]   102   327    22493      684    77824        0             0 systemd-timesyn
[19004.343599] [    401]   100   401     6678      715    77824        0             0 systemd-network
[19004.343601] [    403]   101   403     5967     1692    77824        0             0 systemd-resolve
[19004.343603] [    492]     0   492    60260      927    94208        0             0 accounts-daemon
[19004.343605] [    493]     0   493      637      182    45056        0             0 acpid
[19004.343608] [    496]     0   496     2136      593    49152        0             0 cron
[19004.343609] [    498]   103   498     1916      754    49152        0          -900 dbus-daemon
[19004.343612] [    506]     0   506    20458      666    57344        0             0 irqbalance
[19004.343614] [    507]     0   507     7397     2711    90112        0             0 networkd-dispat
[19004.343616] [    508]     0   508    59107      307    90112        0             0 polkitd
[19004.343618] [    510]   104   510    56125      403    86016        0             0 rsyslogd
[19004.343620] [    518]     0   518     4202      915    69632        0             0 systemd-logind
[19004.343622] [    520]     0   520    98691     1238   126976        0             0 udisksd
[19004.343624] [    521]     0   521      950      509    53248        0             0 atd
[19004.343626] [    557]     0   557     1840      472    53248        0             0 agetty
[19004.343628] [    570]     0   570    78584      960   110592        0             0 ModemManager
[19004.343630] [    576]     0   576     1459      379    49152        0             0 agetty
[19004.343632] [    615]     0   615    27028     2685   102400        0             0 unattended-upgr
[19004.343635] [    706]     0   706     3045      931    57344        0         -1000 sshd
[19004.343637] [   1194]     0  1194   327263     1679   196608        0             0 amazon-ssm-agen
[19004.343639] [   1235]     0  1235   330315     2595   225280        0             0 ssm-agent-worke
[19004.343641] [   8576]     0  8576   339305     3862   307200        0          -999 containerd
[19004.343643] [   8780]     0  8780      624      128    40960        0             0 bpfilter_umh
[19004.343646] [  11262]     0 11262   421140     8694   454656        0          -500 dockerd
[19004.343648] [  52991]     0 52991   180018      596   102400        0          -998 containerd-shim
[19004.343650] [  53010]     0 53010      263       12    28672        0             0 docker-init
[19004.343653] [  53045]     0 53045   357764     4326   303104        0             0 dockerd
[19004.343655] [  53052]     0 53052   187639     2127   188416        0             0 containerd
[19004.343657] [  53074]     0 53074   180018      601   106496        0          -998 containerd-shim
[19004.343659] [  53094] 54321 53094     3049      129    65536        0             0 container-entry
[19004.343661] [  53430] 54321 53430    37467     1371   270336        0             0 tnslsnr
[19004.343664] [  53766] 54321 53766   509572     2227   700416        0             0 ora_pmon_xe
[19004.343666] [  53768] 54321 53768   509572     1350   708608        0             0 ora_clmn_xe
[19004.343668] [  53770] 54321 53770   513190     1412   753664        0             0 ora_psp0_xe
[19004.343670] [  53772] 54321 53772   509572     1302   716800        0             0 ora_vktm_xe
[19004.343672] [  53776] 54321 53776   513321     1585   802816        0             0 ora_gen0_xe
[19004.343674] [  53778] 54321 53778   509572    10879   966656        0             0 ora_mman_xe
[19004.343676] [  53782] 54321 53782   539902     5820   933888        0             0 ora_scmn_xe
[19004.343678] [  53785] 54321 53785   509572     1320   708608        0             0 ora_diag_xe
[19004.343680] [  53787] 54321 53787   539904     2083   745472        0             0 ora_scmn_xe
[19004.343682] [  53790] 54321 53790   513917     6023  1269760        0             0 ora_dbrm_xe
[19004.343684] [  53792] 54321 53792   509572     1692   720896        0             0 ora_vkrm_xe
[19004.343686] [  53794] 54321 53794   509572     1353   720896        0             0 ora_svcb_xe
[19004.343688] [  53796] 54321 53796   509572     1363   712704        0             0 ora_pman_xe
[19004.343690] [  53798] 54321 53798   510372     4307   835584        0             0 ora_dia0_xe
[19004.343693] [  53800] 54321 53800   511717    17512  1261568        0             0 ora_dbw0_xe
[19004.343695] [  53802] 54321 53802   513321     3737   802816        0             0 ora_lgwr_xe
[19004.343697] [  53804] 54321 53804   509703     3330   929792        0             0 ora_ckpt_xe
[19004.343699] [  53806] 54321 53806   509510     3315   757760        0             0 ora_lg00_xe
[19004.343701] [  53808] 54321 53808   510301     3510  1302528        0             0 ora_smon_xe
[19004.343703] [  53810] 54321 53810   509510     2181   757760        0             0 ora_lg01_xe
[19004.343705] [  53812] 54321 53812   509572     1712   753664        0             0 ora_smco_xe
[19004.343707] [  53814] 54321 53814   510292     4311  1200128        0             0 ora_reco_xe
[19004.343710] [  53818] 54321 53818   511733     3930  1105920        0             0 ora_lreg_xe
[19004.343712] [  53822] 54321 53822   509572     1344   700416        0             0 ora_pxmn_xe
[19004.343714] [  53826] 54321 53826   516034    18917  1642496        0             0 ora_mmon_xe
[19004.343716] [  53828] 54321 53828   509773     3386  1040384        0             0 ora_mmnl_xe
[19004.343718] [  53830] 54321 53830   510208     1365   675840        0             0 ora_d000_xe
[19004.343720] [  53832] 54321 53832   509572     1427   712704        0             0 ora_tmon_xe
[19004.343722] [  53836] 54321 53836   515302     1665   774144        0             0 ora_tt00_xe
[19004.343724] [  53838] 54321 53838   509507     1298   720896        0             0 ora_tt01_xe
[19004.343726] [  53840] 54321 53840   509507     1289   712704        0             0 ora_tt02_xe
[19004.343728] [  53842] 54321 53842   516142    54902  1937408        0             0 ora_m000_xe
[19004.343730] [  53845] 54321 53845   513461     4755  1265664        0             0 ora_aqpc_xe
[19004.343732] [  53901]     0 53901   180018      583   106496        0          -998 containerd-shim
[19004.343734] [  53920]     0 53920     1922      144    57344        0             0 bash
[19004.343736] [  53935] 54321 53935   509507     1134   671744        0             0 ora_p000_xe
[19004.343738] [  53959]     0 53959     1955      177    53248        0             0 bash
[19004.343740] [  54207] 54321 54207   516006    16295  1576960        0             0 ora_cjq0_xe
[19004.343743] [  54231] 54321 54231     5769       61    90112        0             0 tail
[19004.343745] [  54433] 54321 54433   513125     1576   897024        0             0 ora_qm02_xe
[19004.343747] [  54475] 54321 54475   512292    10451  1466368        0             0 ora_q002_xe
[19004.343749] [  54980]     0 54980   858986   168746  1683456        0             0 java
[19004.343751] [  55330] 54321 55330   509635     1515   929792        0             0 ora_q001_xe
[19004.343753] [  55336] 54321 55336   510268     8248  1331200        0             0 ora_w000_xe
[19004.343756] [  55350] 54321 55350   509507     1371   802816        0             0 ora_q006_xe
[19004.343758] [  55384] 54321 55384   511388    16392  1433600        0             0 ora_m004_xe
[19004.343760] [  55469] 54321 55469   509507     1946  1077248        0             0 ora_w001_xe
[19004.343762] [  55472] 54321 55472   510792    14633  1671168        0             0 ora_m003_xe
[19004.343764] [  55478] 54321 55478   509507     1886  1032192        0             0 ora_w002_xe
[19004.343766] [  55493] 54321 55493   509507     1687   987136        0             0 ora_m001_xe
[19004.343768] [  55588] 54321 55588   509510     1924  1069056        0             0 ora_w003_xe
[19004.343771] [  55613] 54321 55613   509507     2258  1138688        0             0 ora_w004_xe
[19004.343773] [  55631] 54321 55631   509507     1456   888832        0             0 ora_w005_xe
[19004.343775] [  55642]     0 55642   348358     3547   249856        0          -900 snapd
[19004.343777] [  55646] 54321 55646   509638     2146  1142784        0             0 ora_w006_xe
[19004.343779] [  55701] 54321 55701   509507     1600   909312        0             0 ora_w007_xe
[19004.343781] [  56555]     0 56555      728       31    45056        0             0 sh
[19004.343783] [  56559]     0 56559   869420   148972  1544192        0             0 java
[19004.343785] [  56577] 54321 56577   516458    41369  1916928        0             0 oracle_597_xe
[19004.343787] [  56582] 54321 56582   511282    11041  1576960        0             0 oracle_599_xe
[19004.343789] [  56584] 54321 56584   510439     1978  1048576        0             0 oracle_601_xe
[19004.343792] [  56586] 54321 56586   510438     1983  1056768        0             0 oracle_603_xe
[19004.343794] [  56588] 54321 56588   510439     1996  1073152        0             0 oracle_605_xe
[19004.343796] [  56590] 54321 56590   510439     1985  1081344        0             0 oracle_607_xe
[19004.343798] [  56592] 54321 56592   510439     1989  1048576        0             0 oracle_609_xe
[19004.343800] [  56594] 54321 56594   510439     1985  1064960        0             0 oracle_611_xe
[19004.343802] [  56596] 54321 56596   510438     1988  1077248        0             0 oracle_613_xe
[19004.343804] [  56598] 54321 56598   510439     1995  1056768        0             0 oracle_615_xe
[19004.343806] [  56700] 54321 56700   509507     1527   905216        0             0 ora_qm03_xe
[19004.343808] [  56730]     0 56730   119828    66129   643072        0             0 gm
